Chemical ID	Concentration_uM	Endpoint	Measurement
12	0	Endpoint1	95.60475198
12	0	Endpoint1	98.49907714
12	0	Endpoint1	116.3220912
12	0	Endpoint1	89.5740797
12	10	Endpoint1	76.62077041
12	10	Endpoint1	84.62559323
12	10	Endpoint1	76.37920798
12	10	Endpoint1	76.32066895
12	50	Endpoint1	71.30880172
12	50	Endpoint1	68.30843138
12	50	Endpoint1	66.94213216
12	50	Endpoint1	67.97541165
12	200	Endpoint1	141.7112728
12	200	Endpoint1	109.2586591
12	200	Endpoint1	78.26393162
12	200	Endpoint1	74.04629936
12	400	Endpoint1	107.1944632
12	400	Endpoint1	111.777443
12	400	Endpoint1	134.9929789
12	400	Endpoint1	119.6170581
6	0	Endpoint1	95.60475198
6	0	Endpoint1	98.49907714
6	0	Endpoint1	116.3220912
6	0	Endpoint1	89.5740797
6	10	Endpoint1	97.33590695
6	10	Endpoint1	84.85312193
6	10	Endpoint1	69.92912933
6	10	Endpoint1	83.01694638
6	20	Endpoint1	60.29486023
6	20	Endpoint1	68.13324895
6	20	Endpoint1	49.87212233
6	20	Endpoint1	56.51244151
6	50	Endpoint1	173.5515625
6	50	Endpoint1	204.4564324
6	50	Endpoint1	194.5996526
6	50	Endpoint1	186.0924508
6	100	Endpoint1	252.4384207
6	100	Endpoint1	212.3376802
6	100	Endpoint1	257.3852281
6	100	Endpoint1	214.0170135
11	0	Endpoint1	95.60475198
11	0	Endpoint1	98.49907714
11	0	Endpoint1	116.3220912
11	0	Endpoint1	89.5740797
11	2	Endpoint1	124.6700995
11	2	Endpoint1	192.2321858
11	2	Endpoint1	199.7926486
11	2	Endpoint1	184.43266
11	10	Endpoint1	177.3296938
11	10	Endpoint1	252.4296724
11	10	Endpoint1	157.6102296
11	10	Endpoint1	152.4578245
11	50	Endpoint1	198.0355524
11	50	Endpoint1	236.4646879
11	50	Endpoint1	279.9649936
11	50	Endpoint1	241.569725
11	100	Endpoint1	312.104186
11	100	Endpoint1	221.5163264
11	100	Endpoint1	244.2258305
11	100	Endpoint1	279.6521924
13	0	Endpoint1	95.60475198
13	0	Endpoint1	98.49907714
13	0	Endpoint1	116.3220912
13	0	Endpoint1	89.5740797
13	4	Endpoint1	37.17751401
13	4	Endpoint1	63.72916539
13	4	Endpoint1	60.15230879
13	4	Endpoint1	79.36416678
13	10	Endpoint1	56.81394965
13	10	Endpoint1	31.95272515
13	10	Endpoint1	35.87035037
13	10	Endpoint1	50.34666713
13	50	Endpoint1	167.7650639
13	50	Endpoint1	150.4080648
13	50	Endpoint1	163.3287728
13	50	Endpoint1	179.5929133
13	100	Endpoint1	137.221404
13	100	Endpoint1	144.7002632
13	100	Endpoint1	98.48660224
13	100	Endpoint1	213.664588
15	0	Endpoint1	95.60475198
15	0	Endpoint1	98.49907714
15	0	Endpoint1	116.3220912
15	0	Endpoint1	89.5740797
15	2	Endpoint1	85.83197926
15	2	Endpoint1	75.53852532
15	2	Endpoint1	87.56393077
15	2	Endpoint1	114.4930131
15	10	Endpoint1	106.5766595
15	10	Endpoint1	127.17045
15	10	Endpoint1	122.464859
15	10	Endpoint1	125.3847201
15	25	Endpoint1	117.4974574
15	25	Endpoint1	117.3932444
15	25	Endpoint1	104.4624425
15	25	Endpoint1	91.52549827
15	50	Endpoint1	138.8481617
15	50	Endpoint1	104.6226511
15	50	Endpoint1	124.738858
15	50	Endpoint1	120.9496737
4	0	Endpoint1	106.6876743
4	0	Endpoint1	95.26031486
4	0	Endpoint1	107.9120222
4	0	Endpoint1	90.13998863
4	10	Endpoint1	185.2647605
4	10	Endpoint1	143.7873782
4	10	Endpoint1	129.3490955
4	10	Endpoint1	114.0349402
4	20	Endpoint1	126.9576153
4	20	Endpoint1	171.8880821
4	20	Endpoint1	180.8448472
4	20	Endpoint1	238.5376926
4	50	Endpoint1	169.0650606
4	50	Endpoint1	218.6353249
4	50	Endpoint1	107.1417115
4	50	Endpoint1	139.0256086
4	100	Endpoint1	179.5023019
4	100	Endpoint1	180.5666848
4	100	Endpoint1	240.7126557
4	100	Endpoint1	251.0405875
7	0	Endpoint1	106.6876743
7	0	Endpoint1	95.26031486
7	0	Endpoint1	107.9120222
7	0	Endpoint1	90.13998863
7	10	Endpoint1	120.8425083
7	10	Endpoint1	220.3983709
7	10	Endpoint1	197.8060069
7	10	Endpoint1	206.8559025
7	20	Endpoint1	186.9695721
7	20	Endpoint1	171.1498983
7	20	Endpoint1	266.640171
7	20	Endpoint1	236.4337978
7	50	Endpoint1	187.9852012
7	50	Endpoint1	282.7709285
7	50	Endpoint1	181.8820934
7	50	Endpoint1	219.9793796
7	100	Endpoint1	385.4831233
7	100	Endpoint1	372.8073525
7	100	Endpoint1	512.3439622
7	100	Endpoint1	485.5672118
8	0	Endpoint1	106.6876743
8	0	Endpoint1	95.26031486
8	0	Endpoint1	107.9120222
8	0	Endpoint1	90.13998863
8	10	Endpoint1	322.5337133
8	10	Endpoint1	244.3423809
8	10	Endpoint1	259.7775629
8	10	Endpoint1	206.4739573
8	20	Endpoint1	368.1816519
8	20	Endpoint1	367.8439986
8	20	Endpoint1	423.4587209
8	20	Endpoint1	337.50683
8	50	Endpoint1	342.4007096
8	50	Endpoint1	473.504712
8	50	Endpoint1	429.7093048
8	50	Endpoint1	450.0291563
8	100	Endpoint1	445.7651525
8	100	Endpoint1	612.3076869
8	100	Endpoint1	598.3902239
8	100	Endpoint1	496.9804454
3	0	Endpoint1	106.6876743
3	0	Endpoint1	95.26031486
3	0	Endpoint1	107.9120222
3	0	Endpoint1	90.13998863
3	10	Endpoint1	250.7213109
3	10	Endpoint1	255.0312093
3	10	Endpoint1	240.4022618
3	20	Endpoint1	484.8066896
3	20	Endpoint1	395.6931949
3	20	Endpoint1	311.2724417
3	20	Endpoint1	440.1738114
3	50	Endpoint1	499.4664932
3	50	Endpoint1	333.5923532
3	50	Endpoint1	363.0554981
3	50	Endpoint1	500.2515092
3	100	Endpoint1	460.9619569
3	100	Endpoint1	317.6835475
3	100	Endpoint1	341.6681345
3	100	Endpoint1	431.3347519
12	0	Endpoint2	73.66532077
12	0	Endpoint2	109.2866756
12	0	Endpoint2	86.85509197
12	0	Endpoint2	130.1929116
12	2	Endpoint2	79.9461642
12	2	Endpoint2	57.24540153
12	2	Endpoint2	97.17362046
12	2	Endpoint2	53.20771646
12	10	Endpoint2	90.71332436
12	10	Endpoint2	68.99955137
12	10	Endpoint2	50.78510543
12	10	Endpoint2	83.44549125
12	50	Endpoint2	54.82279049
12	50	Endpoint2	88.91879767
12	50	Endpoint2	119.7846568
12	50	Endpoint2	112.2476447
12	200	Endpoint2	204.9349484
12	200	Endpoint2	185.7335128
12	200	Endpoint2	156.7519067
12	200	Endpoint2	188.9636608
6	0	Endpoint2	104.3214974
6	0	Endpoint2	96.83457198
6	0	Endpoint2	93.91687311
6	0	Endpoint2	104.9270575
6	0.2	Endpoint2	123.8095238
6	0.2	Endpoint2	101.073493
6	0.2	Endpoint2	76.41067988
6	0.2	Endpoint2	71.89650427
6	2	Endpoint2	64.57473163
6	2	Endpoint2	90.61381778
6	2	Endpoint2	89.23754473
6	2	Endpoint2	86.59510047
6	10	Endpoint2	99.80732177
6	10	Endpoint2	103.9911919
6	10	Endpoint2	109.3311313
6	10	Endpoint2	79.10817506
6	50	Endpoint2	214.3132397
6	50	Endpoint2	172.8048445
6	50	Endpoint2	189.8155794
6	50	Endpoint2	228.6264795
11	0	Endpoint2	104.3214974
11	0	Endpoint2	96.83457198
11	0	Endpoint2	93.91687311
11	0	Endpoint2	104.9270575
11	0.2	Endpoint2	70.52023121
11	0.2	Endpoint2	75.03440683
11	0.2	Endpoint2	68.75860171
11	0.2	Endpoint2	28.35122488
11	2	Endpoint2	93.1461602
11	2	Endpoint2	72.00660611
11	2	Endpoint2	106.9088907
11	2	Endpoint2	85.60418387
11	10	Endpoint2	119.1301954
11	10	Endpoint2	104.6518029
11	10	Endpoint2	97.05477567
11	10	Endpoint2	117.1483622
11	50	Endpoint2	316.1023947
11	50	Endpoint2	340.5450041
11	50	Endpoint2	281.4203138
11	50	Endpoint2	304.2113955
13	0	Endpoint2	73.66532077
13	0	Endpoint2	109.2866756
13	0	Endpoint2	86.85509197
13	0	Endpoint2	130.1929116
13	0.2	Endpoint2	85.06056528
13	0.2	Endpoint2	94.93046209
13	0.2	Endpoint2	95.10991476
13	0.2	Endpoint2	116.9134141
13	2	Endpoint2	108.1202333
13	2	Endpoint2	105.7873486
13	2	Endpoint2	81.47151189
13	2	Endpoint2	131.9874383
13	10	Endpoint2	140.1525348
13	10	Endpoint2	91.61058771
13	10	Endpoint2	95.91745177
13	10	Endpoint2	77.52355316
13	50	Endpoint2	96.63526245
13	50	Endpoint2	123.6428892
13	50	Endpoint2	131.4490803
13	50	Endpoint2	115.2086137
15	0	Endpoint2	104.3214974
15	0	Endpoint2	96.83457198
15	0	Endpoint2	93.91687311
15	0	Endpoint2	104.9270575
15	0.2	Endpoint2	56.64739884
15	0.2	Endpoint2	93.47646573
15	0.2	Endpoint2	92.04514176
15	0.2	Endpoint2	93.58656758
15	2	Endpoint2	78.447564
15	2	Endpoint2	90.77897055
15	2	Endpoint2	112.4139829
15	2	Endpoint2	40.90283512
15	10	Endpoint2	112.358932
15	10	Endpoint2	41.78364988
15	10	Endpoint2	59.12469034
15	10	Endpoint2	95.01789155
15	25	Endpoint2	155.463804
15	25	Endpoint2	158.2163501
15	25	Endpoint2	138.9485274
15	25	Endpoint2	160.5284889
10	0	Endpoint2	103.7936267
10	0	Endpoint2	109.8634294
10	0	Endpoint2	84.5436809
10	0	Endpoint2	101.799263
10	0.02	Endpoint2	98.15738131
10	0.02	Endpoint2	108.5627574
10	0.02	Endpoint2	122.1764578
10	0.02	Endpoint2	112.4647735
10	0.2	Endpoint2	129.9804899
10	0.2	Endpoint2	127.5525688
10	0.2	Endpoint2	162.4105788
10	0.2	Endpoint2	172.3823976
10	2	Endpoint2	213.5703447
10	2	Endpoint2	225.8833731
10	2	Endpoint2	215.0444396
10	2	Endpoint2	156.8610449
10	10	Endpoint2	232.2133102
10	10	Endpoint2	182.8744852
10	10	Endpoint2	195.7077824
10	10	Endpoint2	195.9679168
14	0	Endpoint2	103.7936267
14	0	Endpoint2	109.8634294
14	0	Endpoint2	84.5436809
14	0	Endpoint2	101.799263
14	0.2	Endpoint2	94.68892261
14	0.2	Endpoint2	103.7069152
14	0.2	Endpoint2	78.04032083
14	0.2	Endpoint2	71.7103837
14	2	Endpoint2	144.1144591
14	2	Endpoint2	129.5469326
14	2	Endpoint2	123.3037069
14	2	Endpoint2	86.10448732
14	10	Endpoint2	234.034251
14	10	Endpoint2	148.536744
14	10	Endpoint2	168.3936701
14	10	Endpoint2	141.3396922
14	50	Endpoint2	184.8688489
14	50	Endpoint2	207.7606763
14	50	Endpoint2	191.4589204
14	50	Endpoint2	149.6639931
17	0	Endpoint3	110.902048
17	0	Endpoint3	95.0747095
17	0	Endpoint3	97.4706208
17	0	Endpoint3	96.5526222
17	4	Endpoint3	64.44220189
17	4	Endpoint3	53.49132459
17	4	Endpoint3	64.53986132
17	4	Endpoint3	58.04876461
17	20	Endpoint3	46.07571861
17	20	Endpoint3	86.39604154
17	20	Endpoint3	60.14518702
17	20	Endpoint3	57.0461278
17	100	Endpoint3	56.64246883
17	100	Endpoint3	63.57628829
17	100	Endpoint3	88.66174029
17	100	Endpoint3	58.98629513
17	300	Endpoint3	69.45538592
17	300	Endpoint3	85.19157525
17	300	Endpoint3	67.30036785
17	300	Endpoint3	59.05140141
16	0	Endpoint3	110.902048
16	0	Endpoint3	95.0747095
16	0	Endpoint3	97.4706208
16	0	Endpoint3	96.5526222
16	4	Endpoint3	56.8833621
16	4	Endpoint3	58.2636154
16	4	Endpoint3	52.0394544
16	4	Endpoint3	55.0017904
16	20	Endpoint3	48.61486377
16	20	Endpoint3	62.46948143
16	20	Endpoint3	52.6514535
16	20	Endpoint3	54.33770631
16	100	Endpoint3	58.44591295
16	100	Endpoint3	65.45785996
16	100	Endpoint3	52.54077281
16	100	Endpoint3	75.15869657
16	300	Endpoint3	52.76213418
16	300	Endpoint3	54.98876917
16	300	Endpoint3	55.46404505
16	300	Endpoint3	63.3744588
2	0	Endpoint3	110.902048
2	0	Endpoint3	95.0747095
2	0	Endpoint3	97.4706208
2	0	Endpoint3	96.5526222
2	4	Endpoint3	52.5147303
2	4	Endpoint3	58.55659364
2	4	Endpoint3	57.94459455
2	4	Endpoint3	67.80819688
2	20	Endpoint3	47.54712067
2	20	Endpoint3	49.93652137
2	20	Endpoint3	51.83762492
2	20	Endpoint3	56.30391614
2	100	Endpoint3	55.86770403
2	100	Endpoint3	61.460334
2	100	Endpoint3	61.19339822
2	100	Endpoint3	81.23311306
2	300	Endpoint3	54.03170676
2	300	Endpoint3	57.92506266
2	300	Endpoint3	92.59415997
2	300	Endpoint3	55.00179042
9	0	Endpoint3	110.902048
9	0	Endpoint3	95.0747095
9	0	Endpoint3	97.4706208
9	0	Endpoint3	96.5526222
9	4	Endpoint3	53.0616231
9	4	Endpoint3	51.9352844
9	4	Endpoint3	64.6961164
9	4	Endpoint3	56.1020867
9	20	Endpoint3	47.46899313
9	20	Endpoint3	51.60975292
9	20	Endpoint3	104.163547
9	20	Endpoint3	53.79732413
9	100	Endpoint3	52.07851818
9	100	Endpoint3	53.25694196
9	100	Endpoint3	54.18145122
9	100	Endpoint3	60.86135616
9	300	Endpoint3	48.59533188
9	300	Endpoint3	51.75949738
9	300	Endpoint3	53.45877144
9	300	Endpoint3	53.62153716
1	0	Endpoint3	103.566711
1	0	Endpoint3	99.9710024
1	0	Endpoint3	100.061217
1	0	Endpoint3	96.4010697
1	4	Endpoint3	94.84164062
1	4	Endpoint3	91.03972678
1	4	Endpoint3	86.07790701
1	4	Endpoint3	69.7361214
1	20	Endpoint3	114.057415
1	20	Endpoint3	102.729001
1	20	Endpoint3	95.2153881
1	20	Endpoint3	96.8908077
1	100	Endpoint3	96.46550891
1	100	Endpoint3	98.46312466
1	100	Endpoint3	82.34043239
1	100	Endpoint3	71.97860618
1	300	Endpoint3	113.760995
1	300	Endpoint3	110.577698
1	300	Endpoint3	102.883655
1	300	Endpoint3	103.734253
5	0	Endpoint3	103.566711
5	0	Endpoint3	99.9710024
5	0	Endpoint3	100.061217
5	0	Endpoint3	96.4010697
5	4	Endpoint3	86.47743016
5	4	Endpoint3	80.26548958
5	4	Endpoint3	85.24019718
5	4	Endpoint3	85.98769211
5	20	Endpoint3	91.58101621
5	20	Endpoint3	86.24544898
5	20	Endpoint3	80.35570448
5	20	Endpoint3	80.26548958
5	100	Endpoint3	85.3046364
5	100	Endpoint3	85.008216
5	100	Endpoint3	83.26835712
5	100	Endpoint3	75.39388472
5	300	Endpoint3	102.1619358
5	300	Endpoint3	96.68460225
5	300	Endpoint3	93.70751039
5	300	Endpoint3	97.21300383
12	0	Endpoint3	103.566711
12	0	Endpoint3	99.9710024
12	0	Endpoint3	100.061217
12	0	Endpoint3	96.4010697
12	4	Endpoint3	80.20105036
12	4	Endpoint3	74.04066115
12	4	Endpoint3	75.43254825
12	4	Endpoint3	72.68743757
12	20	Endpoint3	94.23591198
12	20	Endpoint3	93.92660373
12	20	Endpoint3	76.24448239
12	20	Endpoint3	74.83970745
12	100	Endpoint3	88.21728904
12	100	Endpoint3	106.427812
12	100	Endpoint3	92.05786642
12	100	Endpoint3	103.0254213
12	300	Endpoint3	107.5490544
12	300	Endpoint3	107.8454748
12	300	Endpoint3	97.03257402
12	300	Endpoint3	94.10703354
13	0	Endpoint3	103.566711
13	0	Endpoint3	99.9710024
13	0	Endpoint3	100.061217
13	0	Endpoint3	96.4010697
13	0.4	Endpoint3	91.23304443
13	0.4	Endpoint3	82.26310533
13	0.4	Endpoint3	88.92612044
13	0.4	Endpoint3	82.46931082
13	4	Endpoint3	99.01730193
13	4	Endpoint3	97.03257402
13	4	Endpoint3	96.92947128
13	4	Endpoint3	92.34139898
13	20	Endpoint3	84.38959951
13	20	Endpoint3	79.86596643
13	20	Endpoint3	92.63781938
13	20	Endpoint3	75.18767922
13	100	Endpoint3	84.57002932
13	100	Endpoint3	89.95714792
13	100	Endpoint3	85.11131875
13	100	Endpoint3	77.64925734
17	0	Endpoint4	164.2512077
17	0	Endpoint4	92.75362319
17	0	Endpoint4	85.02415459
17	0	Endpoint4	57.97101449
17	4	Endpoint4	67.63285024
17	4	Endpoint4	59.90338164
17	4	Endpoint4	44.44444444
17	4	Endpoint4	40.57971014
17	20	Endpoint4	119.8067633
17	20	Endpoint4	44.44444444
17	20	Endpoint4	127.5362319
17	20	Endpoint4	137.1980676
17	100	Endpoint4	114.0096618
17	100	Endpoint4	54.10628019
17	100	Endpoint4	56.03864734
17	100	Endpoint4	79.22705314
17	300	Endpoint4	96.61835749
17	300	Endpoint4	115.942029
17	300	Endpoint4	131.4009662
17	300	Endpoint4	69.56521739
16	0	Endpoint4	164.2512077
16	0	Endpoint4	92.75362319
16	0	Endpoint4	85.02415459
16	0	Endpoint4	57.97101449
16	4	Endpoint4	42.51207729
16	4	Endpoint4	30.9178744
16	4	Endpoint4	65.70048309
16	4	Endpoint4	52.17391304
16	20	Endpoint4	44.44444444
16	20	Endpoint4	73.42995169
16	20	Endpoint4	57.97101449
16	20	Endpoint4	36.71497585
16	100	Endpoint4	476190.4762
16	100	Endpoint4	476190.4762
16	100	Endpoint4	476190.4762
16	100	Endpoint4	476190.4762
16	300	Endpoint4	1428571.429
16	300	Endpoint4	1428571.429
16	300	Endpoint4	1428571.429
16	300	Endpoint4	1428571.429
2	0	Endpoint4	164.2512077
2	0	Endpoint4	92.75362319
2	0	Endpoint4	85.02415459
2	0	Endpoint4	57.97101449
2	4	Endpoint4	50.24154589
2	4	Endpoint4	59.90338164
2	4	Endpoint4	100.4830918
2	4	Endpoint4	371.0144928
2	20	Endpoint4	88.88888889
2	20	Endpoint4	36.71497585
2	20	Endpoint4	38.647343
2	20	Endpoint4	42.51207729
2	100	Endpoint4	56.03864734
2	100	Endpoint4	137.1980676
2	100	Endpoint4	233.8164251
2	100	Endpoint4	98.55072464
2	300	Endpoint4	305.3140097
2	300	Endpoint4	249.2753623
2	300	Endpoint4	363.2850242
2	300	Endpoint4	206.763285
9	0	Endpoint4	164.2512077
9	0	Endpoint4	92.75362319
9	0	Endpoint4	85.02415459
9	0	Endpoint4	57.97101449
9	4	Endpoint4	239.6135266
9	4	Endpoint4	73.42995169
9	4	Endpoint4	133.3333333
9	4	Endpoint4	415.4589372
9	20	Endpoint4	386.47343
9	20	Endpoint4	214.4927536
9	20	Endpoint4	272.4637681
9	20	Endpoint4	525.6038647
9	100	Endpoint4	67.63285024
9	100	Endpoint4	50.24154589
9	100	Endpoint4	44.44444444
9	100	Endpoint4	405.7971014
9	300	Endpoint4	170.0483092
9	300	Endpoint4	139.1304348
9	300	Endpoint4	197.1014493
9	300	Endpoint4	125.6038647
1	0	Endpoint4	98.80478088
1	0	Endpoint4	114.7410359
1	0	Endpoint4	55.77689243
1	0	Endpoint4	130.6772908
1	4	Endpoint4	57.37051793
1	4	Endpoint4	70.11952191
1	4	Endpoint4	82.8685259
1	4	Endpoint4	-23.90438247
1	20	Endpoint4	132.2709163
1	20	Endpoint4	371.314741
1	20	Endpoint4	49.40239044
1	20	Endpoint4	68.52589641
1	100	Endpoint4	114.7410359
1	100	Endpoint4	71.71314741
1	100	Endpoint4	49.40239044
1	100	Endpoint4	84.46215139
1	300	Endpoint4	90.83665339
1	300	Endpoint4	60.55776892
1	300	Endpoint4	141.8326693
1	300	Endpoint4	49.40239044
5	0	Endpoint4	98.80478088
5	0	Endpoint4	114.7410359
5	0	Endpoint4	55.77689243
5	0	Endpoint4	130.6772908
5	4	Endpoint4	52.58964143
5	4	Endpoint4	92.43027888
5	4	Endpoint4	103.5856574
5	4	Endpoint4	116.3346614
5	20	Endpoint4	122.7091633
5	20	Endpoint4	73.30677291
5	20	Endpoint4	127.4900398
5	20	Endpoint4	89.24302789
5	100	Endpoint4	43.02788845
5	100	Endpoint4	57.37051793
5	100	Endpoint4	97.21115538
5	100	Endpoint4	108.3665339
5	300	Endpoint4	334.661355
5	300	Endpoint4	156.175299
5	300	Endpoint4	266.135458
5	300	Endpoint4	407.968127
12	0	Endpoint4	98.80478088
12	0	Endpoint4	114.7410359
12	0	Endpoint4	55.77689243
12	0	Endpoint4	130.6772908
12	4	Endpoint4	81.2749004
12	4	Endpoint4	135.4581673
12	4	Endpoint4	116.3346614
12	4	Endpoint4	194.4223108
12	20	Endpoint4	52.5896414
12	20	Endpoint4	76.4940239
12	20	Endpoint4	62.1513944
12	20	Endpoint4	97.2111554
12	100	Endpoint4	358.5657371
12	100	Endpoint4	55.77689243
12	100	Endpoint4	57.37051793
12	100	Endpoint4	74.90039841
12	300	Endpoint4	130.6772908
12	300	Endpoint4	237.4501992
12	300	Endpoint4	192.8286853
12	300	Endpoint4	178.4860558
13	0	Endpoint4	98.80478088
13	0	Endpoint4	114.7410359
13	0	Endpoint4	55.77689243
13	0	Endpoint4	130.6772908
13	0.4	Endpoint4	266.1354582
13	0.4	Endpoint4	262.9482072
13	0.4	Endpoint4	557.7689243
13	0.4	Endpoint4	382.4701195
13	4	Endpoint4	385.657371
13	4	Endpoint4	113.14741
13	4	Endpoint4	116.334661
13	4	Endpoint4	226.294821
13	20	Endpoint4	58.96414343
13	20	Endpoint4	109.9601594
13	20	Endpoint4	218.3266932
13	20	Endpoint4	277.2908367
13	100	Endpoint4	132.2709163
13	100	Endpoint4	82.8685259
13	100	Endpoint4	70.11952191
13	100	Endpoint4	81.2749004
